               [38;2;232;236;241m▄[38;2;232;236;241m▄[38;2;232;236;241m▄[38;2;232;236;241m▄
             [38;2;232;236;241m▄[38;2;232;236;241m█[38;2;232;236;241m█[38;2;232;236;241m█[38;2;232;236;241m█[38;2;232;236;241m█[38;2;232;236;241m█[38;2;232;236;241m▄
           [38;2;232;236;241m▄[38;2;232;236;241m█[38;2;232;236;241m█[38;2;232;236;241m█[38;2;232;236;241m█[38;2;232;236;241m█[38;2;232;236;241m█[38;2;232;236;241m█[38;2;232;236;241m█[38;2;232;236;241m█[38;2;232;236;241m█[38;2;232;236;241m▄
           [38;2;232;236;241m█[38;2;232;236;241m█[38;2;232;236;241m█[38;2;232;236;241m█[38;2;232;236;241m█[38;2;232;236;241m█[38;2;232;236;241m█[38;2;232;236;241m█[38;2;232;236;241m█[38;2;232;236;241m█[38;2;232;236;241m█[38;2;232;236;241m█
       [38;2;128;136;145m▄[38;2;128;136;145m▄[38;2;128;136;145m▄  [38;2;232;236;241m▀[38;2;232;236;241m█[38;2;232;236;241m█[38;2;232;236;241m█[38;2;232;236;241m█[38;2;232;236;241m█[38;2;232;236;241m█[38;2;232;236;241m█[38;2;232;236;241m█[38;2;232;236;241m▀  [38;2;128;136;145m▄[38;2;128;136;145m▄[38;2;128;136;145m▄
     [38;2;128;136;145m▄[38;2;128;136;145m█[38;2;128;136;145m█[38;2;128;136;145m█[38;2;128;136;145m█[38;2;128;136;145m█[38;2;128;136;145m▄  [38;2;232;236;241m▀[38;2;232;236;241m█[38;2;232;236;241m█[38;2;232;236;241m█[38;2;232;236;241m█[38;2;232;236;241m▀  [38;2;128;136;145m▄[38;2;128;136;145m█[38;2;128;136;145m█[38;2;128;136;145m█[38;2;128;136;145m█[38;2;128;136;145m█[38;2;128;136;145m▄
   [38;2;128;136;145m▄[38;2;128;136;145m█[38;2;128;136;145m█[38;2;128;136;145m█[38;2;128;136;145m█[38;2;128;136;145m█[38;2;128;136;145m█[38;2;128;136;145m█[38;2;128;136;145m█[38;2;128;136;145m█[38;2;128;136;145m▄  [38;2;232;236;241m▀[38;2;232;236;241m▀  [38;2;128;136;145m▄[38;2;128;136;145m█[38;2;128;136;145m█[38;2;128;136;145m█[38;2;128;136;145m█[38;2;128;136;145m█[38;2;128;136;145m█[38;2;128;136;145m█[38;2;128;136;145m█[38;2;128;136;145m█[38;2;128;136;145m▄
   [38;2;128;136;145m█[38;2;128;136;145m█[38;2;128;136;145m█[38;2;128;136;145m█[38;2;128;136;145m█[38;2;128;136;145m█[38;2;128;136;145m█[38;2;128;136;145m█[38;2;128;136;145m█[38;2;128;136;145m█[38;2;128;136;145m█[38;2;128;136;145m█    [38;2;128;136;145m█[38;2;128;136;145m█[38;2;128;136;145m█[38;2;128;136;145m█[38;2;128;136;145m█[38;2;128;136;145m█[38;2;128;136;145m█[38;2;128;136;145m█[38;2;128;136;145m█[38;2;128;136;145m█[38;2;128;136;145m█[38;2;128;136;145m█
   [38;2;128;136;145m▀[38;2;128;136;145m█[38;2;128;136;145m█[38;2;128;136;145m█[38;2;128;136;145m█[38;2;128;136;145m█[38;2;128;136;145m█[38;2;128;136;145m█[38;2;128;136;145m█[38;2;128;136;145m█[38;2;128;136;145m▀  [38;2;95;212;212m▄[38;2;95;212;212m▄  [38;2;128;136;145m▀[38;2;128;136;145m█[38;2;128;136;145m█[38;2;128;136;145m█[38;2;128;136;145m█[38;2;128;136;145m█[38;2;128;136;145m█[38;2;128;136;145m█[38;2;128;136;145m█[38;2;128;136;145m█[38;2;128;136;145m▀
     [38;2;128;136;145m▀[38;2;128;136;145m█[38;2;128;136;145m█[38;2;128;136;145m█[38;2;128;136;145m█[38;2;128;136;145m█[38;2;128;136;145m▀  [38;2;95;212;212m▄[38;2;95;212;212m█[38;2;95;212;212m█[38;2;95;212;212m█[38;2;95;212;212m█[38;2;95;212;212m▄  [38;2;128;136;145m▀[38;2;128;136;145m█[38;2;128;136;145m█[38;2;128;136;145m█[38;2;128;136;145m█[38;2;128;136;145m█[38;2;128;136;145m▀
       [38;2;128;136;145m▀[38;2;128;136;145m▀[38;2;128;136;145m▀  [38;2;95;212;212m▄[38;2;95;212;212m█[38;2;95;212;212m█[38;2;95;212;212m█[38;2;95;212;212m█[38;2;95;212;212m█[38;2;95;212;212m█[38;2;95;212;212m█[38;2;95;212;212m█[38;2;95;212;212m▄  [38;2;128;136;145m▀[38;2;128;136;145m▀[38;2;128;136;145m▀
           [38;2;95;212;212m█[38;2;95;212;212m█[38;2;95;212;212m█[38;2;95;212;212m█[38;2;95;212;212m█[38;2;95;212;212m█[38;2;95;212;212m█[38;2;95;212;212m█[38;2;95;212;212m█[38;2;95;212;212m█[38;2;95;212;212m█[38;2;95;212;212m█
           [38;2;95;212;212m▀[38;2;95;212;212m█[38;2;95;212;212m█[38;2;95;212;212m█[38;2;95;212;212m█[38;2;95;212;212m█[38;2;95;212;212m█[38;2;95;212;212m█[38;2;95;212;212m█[38;2;95;212;212m█[38;2;95;212;212m█[38;2;95;212;212m▀
             [38;2;95;212;212m▀[38;2;95;212;212m█[38;2;95;212;212m█[38;2;95;212;212m█[38;2;95;212;212m█[38;2;95;212;212m█[38;2;95;212;212m█[38;2;95;212;212m▀
               [38;2;95;212;212m▀[38;2;95;212;212m▀[38;2;95;212;212m▀[38;2;95;212;212m▀

[38;2;232;236;241m           ZOHARA OS
